chapter01/chapter01.md
  h_1d71b0cb0e6060 1,3-4,8,10-14,16,19,24,26,29,32,34-38,40,43,46,48,50,52-54,56,58-60,62,64-68,70,72,76,78,80-83,85,87-91,93,96,99,101,103,105,107,109,111,113,115,117,119,123,125,128,131,134-135,138,140,142-146,148,150,152,154,156,158,160,162,164,166,170,172,176-182,184,187,190,192,194,196,198,200,202,204,206,208,210,212,214-220,222,224,226,228,230,232,236,238,240-244,246,248,252,260,262-263,265,267,281,284,287,289,291,293,295,297,299,301,303,307,309,312,315,318,321,331,334,339,341-346,349-350,353-355,357,360,365,367,369-370,372,375,378,381
---
{
  "schema_version": "authorship/3.0.0",
  "git_ai_version": "1.7.2",
  "base_commit_sha": "3498af479132a606a0f887e26aa0efd5c0354e59",
  "prompts": {},
  "humans": {
    "h_1d71b0cb0e6060": {
      "author": "nuri.song <nuri.song@lge.com>"
    }
  }
}